spawn:
  world: world
  x: 979.5400030496222
  y: 38.0
  z: -475.4921388827313
  yaw: 273.15002
  pitch: -9.600004
